0
0.34090899999999996
0.6818179999999999
0.8522724999999999
1.022727
1.3636359999999998
1.7045449999999998
2.045454
2.2159085
2.386363
2.7272719999999997
3.0681809999999996
3.4090899999999995
3.5795444999999995
3.7499989999999994
4.090908
4.2613625
4.6022715
4.9431804999999995
5.1136349999999995
5.454543999999999
5.795452999999999
6.136361999999999
6.306816499999999
6.477270999999999
6.818179999999999
7.159088999999999
7.499997999999999
7.670452499999999
7.840906999999999
8.181816
8.522725
8.863634
9.0340885
9.204543
9.545452
9.7159065
10.056815499999999
10.397724499999999
10.568178999999999
10.909087999999999
11.249996999999999
11.590905999999999
11.761360499999999
11.931814999999999
12.272723999999998
12.613632999999998
12.954541999999998
13.124996499999998
13.295450999999998
13.636359999999998
13.977268999999998
14.318177999999998
14.488632499999998
14.659086999999998
14.999995999999998
15.170450499999998
15.511359499999998
15.852268499999997
16.022723
16.363632
16.704541
17.04545
17.215904499999997
17.386359
17.727268
18.068177
18.409086
18.579540499999997
18.749995
19.090904
19.431813
19.772721999999998
19.943176499999996
20.113630999999998
20.454539999999998
20.624994499999996
20.965903499999996
21.306812499999996
21.477266999999998
21.818175999999998
22.159084999999997
22.499993999999997
22.6704485
22.840902999999997
23.181811999999997
23.522720999999997
23.863629999999997
24.0340845
24.204538999999997
24.545447999999997
24.886356999999997
25.227265999999997
25.3977205
25.568174999999997
25.909083999999996
26.079538499999998
26.420447499999998
26.761356499999998
26.931810999999996
27.272719999999996
27.613628999999996
27.954537999999996
28.124992499999998
28.295446999999996
28.636355999999996
28.977264999999996
29.318173999999996
29.488628499999997
29.659082999999995
29.999992
30.340900999999995
30.68181
30.852264499999997
31.022718999999995
31.363628
31.534082499999997
31.874991499999997
32.2159005
32.386354999999995
32.727264
33.068172999999994
33.409082
33.579536499999996
33.749990999999994
34.0909
34.431808999999994
34.772718
34.943172499999996
35.113626999999994
35.454536
35.795444999999994
36.136354
36.306808499999995
36.477262999999994
36.818172
36.988626499999995
37.32953549999999
37.670444499999995
37.84089899999999
38.181808
38.522717
38.863626
39.034080499999995
39.20453499999999
39.545443999999996
39.886353
40.227261999999996
40.397716499999994
40.56817099999999
40.909079999999996
41.249989
41.590897999999996
41.761352499999994
41.93180699999999
42.272715999999996
42.443170499999994
42.78407949999999
43.12498849999999
43.29544299999999
