0
0.17045449999999998
0.34090899999999996
0.5113635
0.6818179999999999
0.8522724999999999
1.022727
1.1931815
1.5340904999999998
1.8749994999999997
2.045454
2.2159085
2.386363
2.5568174999999997
2.7272719999999997
2.8977264999999996
3.0681809999999996
3.2386354999999996
3.4090899999999995
3.5795444999999995
3.7499989999999994
3.9204534999999994
4.2613625
4.9431804999999995
5.1136349999999995
5.284089499999999
5.454543999999999
5.624998499999999
5.795452999999999
5.965907499999999
6.136361999999999
6.306816499999999
6.477270999999999
6.647725499999999
6.988634499999999
7.329543499999999
7.499997999999999
7.670452499999999
7.840906999999999
8.0113615
8.181816
8.3522705
8.522725
8.6931795
8.863634
9.0340885
9.204543
9.3749975
9.7159065
10.397724499999999
10.568178999999999
10.738633499999999
10.909087999999999
11.079542499999999
11.249996999999999
11.420451499999999
11.590905999999999
11.761360499999999
11.931814999999999
12.102269499999998
12.443178499999998
12.784087499999998
12.954541999999998
13.124996499999998
13.295450999999998
13.465905499999998
13.636359999999998
13.806814499999998
13.977268999999998
14.147723499999998
14.318177999999998
14.488632499999998
14.659086999999998
14.829541499999998
15.170450499999998
15.340904999999998
15.852268499999997
16.022723
16.193177499999997
16.363632
16.534086499999997
16.704541
16.874995499999997
17.04545
17.215904499999997
17.386359
17.556813499999997
17.897722499999997
18.238631499999997
18.409086
18.579540499999997
18.749995
18.920449499999997
19.090904
19.261358499999996
19.431813
19.602267499999996
19.772721999999998
19.943176499999996
20.113630999999998
20.284085499999996
20.624994499999996
20.795448999999998
20.965903499999996
21.136357999999998
21.306812499999996
21.477266999999998
21.647721499999996
21.818175999999998
21.9886305
22.159084999999997
22.3295395
22.499993999999997
22.6704485
22.840902999999997
23.0113575
23.3522665
23.6931755
23.863629999999997
24.0340845
24.204538999999997
24.3749935
24.545447999999997
24.7159025
24.886356999999997
25.0568115
25.227265999999997
25.3977205
25.568174999999997
25.7386295
26.079538499999998
26.761356499999998
26.931810999999996
27.102265499999998
27.272719999999996
27.443174499999998
27.613628999999996
27.784083499999998
27.954537999999996
28.124992499999998
28.295446999999996
28.465901499999998
28.806810499999997
29.147719499999997
29.318173999999996
29.488628499999997
29.659082999999995
29.829537499999997
29.999992
30.170446499999997
30.340900999999995
30.511355499999997
30.68181
30.852264499999997
31.022718999999995
31.193173499999997
31.534082499999997
32.2159005
32.386354999999995
32.5568095
32.727264
32.897718499999996
33.068172999999994
33.23862749999999
33.409082
33.579536499999996
33.749990999999994
33.9204455
34.261354499999996
34.60226349999999
34.772718
34.943172499999996
35.113626999999994
35.2840815
35.454536
35.624990499999996
35.795444999999994
35.96589949999999
36.136354
36.306808499999995
36.477262999999994
36.6477175
36.988626499999995
37.15908099999999
37.670444499999995
37.84089899999999
38.0113535
38.181808
38.352262499999995
38.522717
38.69317149999999
38.863626
39.034080499999995
39.20453499999999
39.3749895
39.715898499999994
40.05680749999999
40.227261999999996
40.397716499999994
40.56817099999999
40.7386255
40.909079999999996
41.079534499999994
41.249989
41.42044349999999
41.590897999999996
41.761352499999994
41.93180699999999
42.1022615
42.443170499999994
42.613625
42.78407949999999
42.954533999999995
43.12498849999999
43.29544299999999
43.4658975
